other settings , 26C, v1, h0, model cool

fan- quiet

[21:04:30.604][I][remote.raw:026]: Received Raw: 3408, -1751, 469, -437, 438, -1313, 469, -438, 438, -469, 437, -438, 469, -438, 437, -469, 438, -438, 468, -438, 438, -438, 469, -437, 438, -469, 469, -406, 469, -1314, 437, -438, 469, -438, 438, -468, 438, -438, 469, -437, 438, -469, 438,
[21:04:30.624][I][remote.raw:026]:   -437, 469, -1314, 437, -1314, 437, -1345, 437, -438, 438, -469, 437, -1314, 469, -437, 438, -469, 438, -437, 438, -469, 438, -469, 438, -437, 438, -469, 469, -407, 469, -437, 438, -469, 438, -437, 469, -438, 438, -470, 468, -406, 469, -438, 438, -469,
[21:04:30.650][I][remote.raw:026]:   438, -437, 469, -438, 438, -469, 469, -406, 438, -469, 469, -406, 469, -438, 438, -469, 437, -438, 469, -438, 437, -469, 438, -438, 469, -438, 437, -469, 438, -1313, 469, -1282, 469, -438, 469, -437, 465, -411, 469, -438, 437, -469, 438, -9980, 3464,
[21:04:30.675][I][remote.raw:026]:   -1782, 453, -423, 440, -1342, 444, -431, 438, -469, 469, -438, 437, -469, 407, -500, 406, -469, 438, -469, 406, -501, 437, -438, 438, -469, 406, -469, 438, -1344, 407, -500, 438, -437, 438, -469, 407, -500, 438, -437, 438, -469, 438, -469, 406, -1344,
[21:04:30.705][I][remote.raw:026]:   407, -1344, 438, -1344, 438, -438, 438, -469, 437, -1345, 437, -438, 438, -469, 406, -501, 406, -469, 438, -469, 406, -469, 438, -469, 437, -469, 407, -469, 438, -468, 407, -500, 438, -438, 437, -469, 438, -1313, 469, -438, 438, -468, 438, -1313, 407,
[21:04:30.727][I][remote.raw:026]:   -1376, 437, -1313, 407, -500, 407, -469, 437, -469, 438, -469, 406, -1345, 438, -468, 407, -1344, 407, -1344, 438, -469, 438, -469, 406, -469, 438, -469, 406, -500, 407, -469, 438, -469, 437, -469, 438, -438, 438, -1344, 406, -1345, 406, -501, 406,
[21:04:30.752][I][remote.raw:026]:   -469, 438, -469, 406, -500, 407, -1344, 438, -469, 406, -1345, 406, -1375, 406, -469, 437, -1344, 406, -1344, 437, -469, 406, -469, 437, -469, 437, -469, 438, -468, 406, -469, 438, -468, 406, -469, 469, -437, 438, -469, 406, -469, 437, -469, 437,
[21:04:30.774][I][remote.raw:026]:   -472, 434, -1313, 437, -1343, 407, -1346, 403, -500, 407, -468, 438, -468, 407, -500, 406, -469, 437, -469, 437, -469, 406, -469, 469, -437, 406, -1375, 406, -1344, 406, -1343, 469, -438, 437, -469, 437, -438, 437, -469, 406, -500, 406, -1344, 437,
[21:04:30.800][I][remote.raw:026]:   -469, 406, -500, 437, -438, 443, -463, 406, -469, 469, -437, 406, -500, 406, -500, 438, -437, 438, -468, 438, -1312, 438, -468, 406, -500, 438, -1312, 406, -500, 438, -437, 438, -469, 437, -1312, 469, -437, 438, -469, 437, -437, 438, -469, 406, -501,
[21:04:30.830][I][remote.raw:035]:   436, -438, 437, -469, 437, -469, 406, -469, 468, -438, 406, -500, 406, -469, 437, -469, 438, -468, 406, -469, 438, -468, 438, -468, 407, -468, 438, -468, 438, -1312, 469, -1312, 406, -1344, 437, -469, 406, -500, 406

fan- low

[21:06:36.911][I][remote.raw:026]: Received Raw: 3437, -1750, 437, -438, 468, -1312, 438, -437, 469, -437, 438, -469, 468, -406, 469, -438, 437, -469, 437, -437, 469, -437, 438, -469, 468, -406, 438, -469, 437, -1313, 468, -438, 437, -469, 437, -438, 468, -438, 468, -438, 437, -438, 468,
[21:06:36.930][I][remote.raw:026]:   -469, 406, -1313, 468, -1313, 437, -1312, 469, -437, 438, -468, 438, -1312, 438, -468, 438, -437, 469, -437, 438, -469, 468, -406, 469, -437, 438, -468, 438, -437, 438, -468, 438, -469, 437, -438, 437, -469, 487, -419, 437, -441, 434, -469, 468, -438,
[21:06:36.957][I][remote.raw:026]:   437, -458, 417, -469, 438, -437, 469, -437, 438, -468, 438, -437, 469, -437, 438, -468, 438, -437, 469, -438, 437, -469, 437, -437, 469, -438, 437, -469, 441, -1340, 406, -1344, 437, -438, 437, -469, 437, -469, 437, -438, 437, -469, 469, -9967, 3468,
[21:06:36.981][I][remote.raw:026]:   -1750, 437, -469, 438, -1358, 423, -437, 469, -437, 406, -500, 406, -469, 452, -454, 406, -500, 406, -469, 469, -437, 407, -500, 406, -468, 438, -468, 407, -1343, 438, -469, 437, -469, 437, -438, 437, -469, 437, -469, 406, -469, 437, -469, 406, -1375,
[21:06:37.004][I][remote.raw:026]:   437, -1313, 406, -1343, 438, -469, 406, -500, 437, -1313, 437, -469, 437, -438, 468, -438, 406, -500, 406, -469, 469, -437, 406, -469, 437, -469, 469, -437, 406, -500, 406, -469, 469, -437, 406, -500, 406, -1344, 406, -500, 406, -469, 469, -1281, 437,
[21:06:37.035][I][remote.raw:026]:   -1344, 438, -1312, 437, -469, 437, -469, 437, -469, 406, -469, 469, -1312, 406, -500, 438, -1312, 406, -1344, 437, -469, 437, -472, 403, -469, 438, -468, 438, -472, 403, -468, 438, -468, 407, -499, 438, -437, 438, -1343, 407, -1343, 438, -468, 406,
[21:06:37.054][I][remote.raw:026]:   -504, 434, -437, 438, -1343, 438, -1312, 406, -500, 406, -469, 469, -1312, 438, -468, 406, -1344, 406, -1344, 437, -469, 410, -496, 407, -468, 438, -468, 407, -500, 406, -468, 438, -468, 438, -469, 406, -469, 437, -469, 437, -469, 406, -469, 438,
[21:06:37.078][I][remote.raw:026]:   -468, 406, -1344, 438, -1343, 406, -1344, 437, -469, 406, -500, 406, -469, 437, -469, 438, -468, 438, -437, 438, -468, 407, -468, 438, -468, 407, -1374, 407, -1343, 406, -1344, 437, -469, 437, -469, 406, -469, 437, -469, 438, -468, 407, -468, 438,
[21:06:37.104][I][remote.raw:026]:   -468, 407, -500, 406, -468, 438, -468, 407, -500, 437, -437, 438, -469, 406, -500, 406, -469, 437, -469, 437, -1313, 437, -477, 429, -469, 406, -1344, 406, -500, 406, -469, 437, -469, 406, -1374, 407, -478, 428, -468, 407, -500, 406, -468, 438, -468,
[21:06:37.130][I][remote.raw:035]:   438, -437, 438, -469, 437, -469, 406, -468, 469, -438, 406, -500, 406, -468, 438, -469, 406, -500, 406, -469, 468, -438, 406, -500, 406, -469, 437, -469, 406, -1344, 437, -469, 406, -1375, 406, -469, 437, -1344, 406

fan- medium

[21:07:36.132][I][remote.raw:026]: Received Raw: 3439, -1719, 469, -438, 437, -1314, 469, -437, 438, -469, 438, -437, 469, -438, 438, -469, 437, -438, 469, -438, 437, -469, 438, -438, 469, -437, 438, -438, 469, -1313, 438, -437, 469, -438, 438, -469, 440, -435, 469, -438, 438, -469, 437,
[21:07:36.152][I][remote.raw:026]:   -438, 438, -1344, 438, -1313, 437, -1345, 438, -437, 438, -500, 407, -1328, 422, -469, 438, -469, 438, -468, 407, -500, 407, -437, 469, -438, 438, -500, 407, -437, 438, -469, 438, -469, 469, -437, 407, -500, 438, -437, 438, -469, 406, -469, 438, -469,
[21:07:36.176][I][remote.raw:026]:   438, -469, 406, -500, 407, -469, 437, -469, 407, -469, 437, -469, 407, -500, 406, -469, 438, -469, 437, -469, 437, -438, 437, -469, 437, -438, 468, -438, 437, -1344, 406, -1343, 438, -469, 437, -469, 406, -469, 437, -484, 391, -514, 423, -9968, 3468,
[21:07:36.215][I][remote.raw:026]:   -1781, 406, -469, 437, -1344, 406, -469, 468, -438, 406, -500, 406, -469, 437, -469, 406, -500, 438, -437, 438, -468, 438, -468, 407, -468, 438, -468, 438, -1312, 438, -468, 407, -500, 437, -438, 437, -469, 406, -500, 437, -438, 437, -469, 406, -1375,
[21:07:36.227][I][remote.raw:026]:   438, -1312, 437, -1312, 438, -469, 406, -500, 406, -1344, 437, -469, 406, -500, 406, -469, 437, -469, 406, -500, 406, -469, 437, -469, 406, -500, 406, -482, 425, -468, 438, -468, 407, -468, 438, -469, 419, -1330, 438, -468, 407, -500, 437, -1312, 407,
[21:07:36.253][I][remote.raw:026]:   -1374, 407, -1343, 407, -499, 438, -437, 438, -468, 407, -500, 406, -1343, 438, -468, 406, -1344, 438, -1343, 406, -469, 469, -453, 425, -465, 406, -469, 469, -437, 406, -500, 421, -454, 438, -468, 407, -499, 407, -1344, 437, -1343, 406, -469, 438,
[21:07:36.275][I][remote.raw:026]:   -468, 438, -468, 438, -1312, 406, -500, 407, -1343, 438, -468, 438, -1312, 438, -468, 438, -1312, 438, -1343, 406, -500, 406, -469, 437, -469, 406, -500, 406, -469, 438, -470, 436, -468, 407, -468, 438, -468, 407, -499, 407, -468, 438, -468, 407,
[21:07:36.303][I][remote.raw:026]:   -500, 409, -1340, 407, -1343, 469, -1312, 406, -500, 406, -469, 438, -468, 438, -468, 407, -468, 438, -468, 407, -468, 438, -468, 407, -499, 407, -1343, 438, -1343, 406, -1344, 437, -469, 437, -438, 437, -469, 406, -500, 406, -469, 438, -468, 407,
[21:07:36.329][I][remote.raw:026]:   -499, 407, -468, 438, -468, 407, -500, 406, -469, 437, -469, 406, -500, 406, -469, 437, -469, 406, -500, 406, -1344, 406, -500, 438, -437, 438, -1343, 406, -500, 406, -469, 437, -469, 406, -1344, 437, -469, 406, -500, 406, -469, 437, -469, 406, -500,
[21:07:36.355][I][remote.raw:035]:   406, -469, 438, -468, 406, -500, 406, -469, 437, -469, 406, -500, 406, -469, 438, -474, 400, -500, 406, -469, 438, -468, 406, -500, 413, -462, 438, -468, 406, -1344, 437, -469, 406, -500, 406, -1347, 434, -1344, 406

fan-high

[21:08:00.678][I][remote.raw:026]: Received Raw: 3441, -1741, 438, -469, 437, -1311, 469, -437, 436, -469, 437, -438, 437, -468, 437, -469, 437, -437, 469, -437, 437, -468, 438, -437, 468, -437, 438, -468, 437, -1312, 437, -468, 438, -437, 468, -437, 437, -469, 437, -437, 469, -437, 437,
[21:08:00.698][I][remote.raw:026]:   -468, 469, -1280, 437, -1343, 437, -1312, 437, -468, 438, -468, 437, -1312, 437, -468, 438, -437, 468, -438, 437, -469, 437, -438, 468, -438, 437, -469, 437, -438, 437, -469, 438, -468, 438, -437, 469, -469, 406, -469, 437, -437, 438, -469, 437, -469,
[21:08:00.724][I][remote.raw:026]:   437, -437, 438, -469, 481, -425, 437, -437, 469, -469, 406, -469, 437, -469, 406, -469, 437, -469, 437, -438, 468, -438, 437, -438, 468, -438, 437, -500, 406, -1312, 438, -1343, 438, -469, 406, -500, 406, -469, 437, -469, 406, -469, 437, -9967, 3500,
[21:08:00.747][I][remote.raw:026]:   -1781, 406, -468, 438, -1312, 438, -468, 438, -468, 407, -499, 406, -469, 438, -468, 407, -518, 388, -468, 438, -468, 407, -499, 407, -468, 457, -449, 407, -1343, 438, -468, 406, -500, 406, -469, 437, -469, 441, -465, 406, -469, 439, -467, 406, -1344,
[21:08:00.774][I][remote.raw:026]:   437, -1344, 406, -1344, 406, -469, 437, -469, 450, -1331, 406, -468, 438, -468, 407, -500, 406, -468, 438, -469, 406, -500, 406, -469, 438, -468, 406, -500, 437, -438, 437, -469, 406, -500, 406, -469, 437, -1344, 406, -469, 437, -469, 406, -1343, 469,
[21:08:00.797][I][remote.raw:026]:   -1312, 407, -1343, 438, -468, 407, -500, 406, -468, 438, -468, 407, -1343, 438, -468, 407, -1348, 464, -1312, 406, -500, 438, -437, 438, -468, 406, -501, 437, -437, 407, -499, 407, -468, 438, -468, 406, -500, 407, -1343, 438, -1343, 406, -469, 437,
[21:08:00.821][I][remote.raw:026]:   -469, 406, -500, 406, -1344, 437, -1313, 468, -1312, 407, -472, 434, -1343, 407, -499, 438, -1312, 406, -1344, 438, -468, 406, -500, 438, -437, 438, -468, 407, -499, 407, -468, 438, -469, 437, -437, 438, -469, 437, -469, 406, -500, 406, -469, 437,
[21:08:00.847][I][remote.raw:026]:   -469, 406, -1344, 437, -1343, 407, -1343, 406, -500, 438, -437, 438, -468, 438, -468, 407, -470, 437, -467, 438, -468, 407, -468, 438, -469, 406, -1343, 438, -1343, 438, -1312, 438, -468, 438, -480, 426, -437, 438, -468, 406, -469, 437, -469, 438,
[21:08:00.873][I][remote.raw:026]:   -437, 437, -469, 469, -437, 438, -468, 407, -468, 438, -469, 406, -500, 406, -469, 437, -469, 406, -500, 406, -1344, 406, -500, 406, -469, 437, -1344, 406, -469, 437, -469, 406, -500, 406, -1343, 406, -500, 407, -468, 438, -468, 407, -500, 406, -468,
[21:08:00.894][I][remote.raw:035]:   438, -469, 406, -500, 406, -469, 437, -469, 406, -500, 406, -469, 437, -469, 406, -469, 437, -469, 406, -509, 429, -437, 438, -468, 407, -500, 406, -468, 448, -1334, 406, -468, 438, -1353, 397, -1343, 438, -1343, 438

fan-auto

[21:08:22.127][I][remote.raw:026]: Received Raw: 3436, -1750, 437, -438, 468, -1313, 468, -438, 437, -438, 437, -469, 437, -469, 437, -438, 468, -438, 437, -438, 468, -438, 437, -469, 437, -438, 468, -438, 437, -1344, 437, -438, 468, -438, 437, -469, 437, -438, 437, -500, 406, -438, 469,
[21:08:22.128][I][remote.raw:026]:   -437, 438, -1343, 469, -1281, 437, -1313, 468, -438, 468, -438, 437, -1312, 469, -437, 438, -469, 437, -438, 468, -438, 437, -438, 468, -438, 437, -469, 437, -469, 437, -438, 437, -469, 437, -469, 437, -438, 469, -437, 437, -438, 469, -437, 437, -469,
[21:08:22.137][I][remote.raw:026]:   438, -437, 469, -437, 438, -468, 438, -437, 469, -437, 440, -467, 468, -438, 437, -437, 439, -467, 438, -437, 438, -468, 438, -468, 469, -406, 438, -468, 438, -1312, 469, -1312, 437, -438, 468, -438, 437, -500, 406, -438, 468, -438, 437, -9968, 3499,
[21:08:22.156][I][remote.raw:026]:   -1750, 438, -499, 407, -1343, 406, -469, 438, -468, 438, -468, 438, -469, 406, -468, 438, -469, 437, -469, 406, -469, 437, -438, 437, -469, 437, -469, 406, -1375, 406, -469, 437, -469, 406, -500, 406, -469, 437, -469, 406, -500, 437, -438, 437, -1344,
[21:08:22.184][I][remote.raw:026]:   406, -1344, 406, -1343, 438, -437, 469, -469, 406, -1343, 438, -469, 406, -468, 438, -469, 437, -469, 406, -500, 437, -438, 437, -469, 406, -469, 437, -469, 406, -469, 437, -469, 437, -469, 406, -500, 437, -1313, 437, -469, 437, -469, 406, -1344, 406,
[21:08:22.208][I][remote.raw:026]:   -1343, 438, -1344, 438, -437, 469, -438, 438, -469, 438, -437, 469, -1313, 407, -469, 469, -1313, 438, -1313, 438, -469, 406, -500, 407, -469, 437, -469, 407, -469, 437, -469, 407, -500, 406, -469, 438, -469, 406, -1345, 437, -1348, 435, -437, 469,
[21:08:22.230][I][remote.raw:026]:   -438, 407, -500, 444, -431, 438, -1344, 407, -469, 437, -1345, 406, -1345, 437, -469, 438, -1313, 438, -1344, 406, -469, 438, -469, 407, -500, 438, -437, 438, -469, 407, -500, 406, -469, 438, -469, 437, -438, 438, -469, 406, -500, 407, -472, 434,
[21:08:22.256][I][remote.raw:026]:   -469, 407, -1344, 438, -1344, 406, -1345, 438, -469, 437, -469, 407, -469, 437, -487, 389, -469, 438, -468, 407, -500, 407, -469, 453, -453, 407, -1344, 438, -1359, 391, -1345, 438, -468, 438, -469, 407, -469, 437, -469, 407, -469, 438, -468, 407,
[21:08:22.282][I][remote.raw:026]:   -500, 438, -438, 437, -469, 407, -500, 437, -438, 438, -469, 406, -500, 438, -438, 437, -469, 407, -500, 406, -1345, 406, -500, 407, -469, 437, -1345, 406, -469, 438, -469, 437, -469, 407, -1344, 406, -501, 437, -438, 438, -469, 406, -501, 406, -469,
[21:08:22.305][I][remote.raw:035]:   438, -469, 437, -438, 469, -438, 406, -500, 407, -469, 437, -469, 410, -497, 438, -437, 438, -469, 406, -501, 406, -469, 438, -469, 406, -500, 407, -469, 437, -1345, 406, -1345, 406, -500, 407, -469, 437, -469, 407
